CELL_PARAMETERS (angstrom)
    4.78636912     0.00000000     0.00000000
    0.00000000     5.41779959     0.00000000
    0.00000000     0.00000000    10.04091299

ATOMIC_POSITIONS (crystal)
La       0.73535449     0.99912773     0.49043028
Ti       0.71898845     0.57021713     0.76088163
Ti       0.18263333     0.47849868     0.54798038
Ti       0.22350965     0.03891873     0.76397763
Ti       0.75792410     0.91792308     0.00739547
Ti       0.77376933     0.57164008     0.25043169
Ti       0.25471182     0.42965294     0.99900135
Ti       0.27924976     0.08481838     0.24153389
O        0.01521272     0.12756669     0.91810483
O        0.50794556     0.63301518     0.59352301
O        0.92704369     0.32542190     0.66709898
O        0.52925339     0.86921602     0.83227190
O        0.01627255     0.79844240     0.66916074
O        0.45209389     0.36690521     0.83443217
O        0.97371007     0.62773658     0.91485409
O        0.38253743     0.17442681     0.61202646
O        0.14248488     0.19525100     0.40916390
O        0.54913459     0.61899238     0.07308376
O        0.06838541     0.38879792     0.16133442
O        0.49338373     0.82388136     0.30288118
O        0.97264824     0.89354526     0.16427733
O        0.59187288     0.30527535     0.30556796
O        0.97831510     0.63593559     0.41034400
O        0.47356494     0.12479361     0.07023235
