CELL_PARAMETERS (angstrom)
    3.78253968     0.00000000     0.00000000
    0.00000000     3.78253968     0.00000000
    0.00000000     0.00000000     9.61502157

ATOMIC_POSITIONS (crystal)
Ti       0.00000000     0.00000000     0.00000000
Ti       0.00000000     0.50000000     0.25000000
Ti       0.50000000     0.50000000     0.50000000
Ti       0.50000000     0.00000000     0.75000000
O        0.00000000     0.50000000     0.45715213
O        0.00000000     0.00000000     0.20715213
O        0.00000000     0.50000000     0.04284787
O        0.50000000     0.50000000     0.29284787
O        0.50000000     0.00000000     0.95715213
O        0.50000000     0.50000000     0.70715213
O        0.50000000     0.00000000     0.54284787
O        0.00000000     0.00000000     0.79284787
